189 110 -122 -176 -143 -117 -110 35 -38 103 109 139 -98 37 54 -120 99 -200
198 10 -67 -63 -160 -197 -12 7 -74 32 136 85 -44 55 12 -28 70 -250
160 166 -100 -15 -158 -100 -196 198 -92 81 116 3 -135 49 83 -139 148 -250
133 74 -10 -13 -164 -165 -44 30 -28 146 178 92 -97 140 97 -18 4 -250
156 118 -33 -31 -141 -53 -92 148 -173 1 81 160 -77 131 193 -127 12 -200
60 42 -92 -132 -174 -109 -22 125 -56 31 6 52 -77 158 47 -125 58 -200
27 46 -58 -23 -103 -71 -48 116 -179 31 106 36 -78 39 38 -91 93 -250
158 90 -93 -156 -102 -115 -121 133 -165 12 49 94 -17 132 49 -31 88 -200
135 52 -89 -34 -19 -185 -132 85 -181 184 109 199 -196 100 177 -171 199 -200
163 76 -52 -104 -85 -92 -141 157 -25 60 72 32 -3 74 98 -81 192 -250
19 118 -169 -147 -156 -72 -134 61 -117 193 56 31 -117 138 191 -183 173 -250
77 24 -7 -2 -168 -11 -168 49 -170 26 54 73 -65 47 173 -85 151 -199
88 43 -50 -61 -171 -114 -160 134 -112 29 32 42 -180 7 119 -185 152 -250
103 19 -131 -193 -48 -199 -175 41 -59 109 159 80 -166 161 77 -154 87 -250
25 32 -67 -9 -87 -172 -80 25 -51 179 66 166 -178 193 184 -153 59 -200
33 77 -28 -182 -29 -66 -63 15 -76 79 161 188 -90 108 153 -169 24 -149
102 196 -6 -23 -171 -81 -91 157 -174 88 46 117 -196 131 33 -63 51 -250
149 91 -66 -108 -101 -158 -23 27 -142 144 167 173 -112 96 151 -50 33 -200
193 2 -11 -162 -166 -175 -18 121 -2 128 148 40 -1 57 177 -134 23 -250
18 54 -125 -19 -43 -39 -41 80 -101 60 89 30 -24 173 197 -141 171 -250
197 121 -3 -49 -162 -121 -98 47 -146 53 98 187 -147 103 141 -119 182 -250
163 176 -61 -51 -32 -1 -7 129 -178 96 154 162 -152 2 80 -113 15 -150
151 199 -72 -156 -153 -64 -57 179 -11 153 77 108 -152 62 159 -35 18 -250
75 186 -196 -69 -191 -68 -129 151 -62 75 50 74 -119 182 183 -18 160 -250
77 39 -8 -161 -44 -120 -156 181 -99 37 23 8 -169 119 180 -152 12 -250
67 132 -137 -167 -34 -105 -22 181 -179 12 190 173 -75 112 144 -79 98 -250
14 57 -16 -164 -54 -168 -130 125 -185 87 81 54 -45 20 101 -136 6 -200
151 191 -196 -194 -175 -162 -144 122 -146 160 112 58 -30 16 85 -9 89 -250
18 191 -78 -47 -62 -74 -184 130 -159 58 199 88 -144 53 46 -45 181 -250
154 93 -116 -182 -157 -112 -177 162 -83 173 142 23 -110 127 122 -7 108 -199
154 73 -157 -53 -28 -171 -92 20 -59 185 169 120 -101 168 1 -135 51 -199
5 90 -27 -196 -150 -52 -134 91 -184 48 26 121 -64 91 23 -56 64 -148
199 77 -177 -141 -117 -81 -187 149 -119 167 76 63 -125 44 77 -138 59 -250
79 142 -25 -154 -44 -52 -66 158 -16 167 176 170 -84 89 86 -12 98 -200
195 59 -73 -160 -20 -1 -166 182 -138 184 16 147 -70 149 81 -11 35 -200
135 40 -66 -67 -74 -150 -159 95 -64 80 22 133 -162 7 149 -64 58 -200
141 190 -73 -93 -179 -87 -118 115 -125 162 145 34 -153 57 82 -141 175 -250
144 170 -58 -133 -193 -164 -194 22 -197 158 179 60 -145 56 46 -198 80 -250
172 12 -151 -9 -70 -189 -168 134 -136 145 159 51 -23 34 114 -35 64 -250
189 98 -22 -12 -170 -30 -108 65 -143 126 142 22 -12 141 172 -141 162 -199
117 61 -101 -185 -165 -97 -94 150 -194 179 101 186 -82 77 91 -119 104 -200
102 190 -34 -192 -57 -18 -15 190 -196 114 197 119 -10 49 110 -170 103 -200
188 29 -54 -163 -130 -85 -131 136 -185 97 139 176 -62 10 40 -73 161 -250
36 177 -132 -66 -149 -188 -6 116 -15 81 192 3 -26 74 107 -185 108 -250
18 168 -54 -186 -96 -62 -105 12 -67 68 39 171 -133 183 63 -65 46 -200
60 140 -195 -130 -74 -132 -127 170 -152 26 195 152 -130 130 48 -191 196 -200
74 8 -132 -185 -177 -37 -33 175 -26 77 186 125 -81 112 76 -69 136 -199
113 43 -177 -145 -44 -73 -137 43 -97 98 162 127 -186 39 41 -82 71 -250
193 135 -84 -50 -122 -19 -198 82 -68 196 43 119 -96 115 170 -197 196 -150
174 72 -4 -55 -97 -160 -145 107 -174 54 34 1 -17 124 176 -167 187 -250
