110 24 -12 -2 -173 -8 -18 155 -67 180 167 117 -101 167 -3 -169 1 21
148 190 -38 -2 -163 -10 -17 102 -97 189 161 165 -102 164 1 -183 14 16
143 185 -43 -3 -168 -8 -22 151 -104 88 173 49 -96 174 0 -176 18 23
27 33 -75 -7 -153 -178 -13 157 -143 173 150 127 -100 156 -18 -122 -4 21
153 187 -39 -6 -163 -5 -24 161 -146 180 44 82 -98 160 -13 -11 -6 16
114 22 -8 -4 -173 -12 -13 158 -147 170 150 125 -69 155 -18 -120 -8 18
149 188 -48 -3 -168 -13 -9 156 -142 169 152 127 -104 149 -21 -119 -9 16
145 185 -34 -6 -165 -14 -18 156 -152 162 143 126 -102 195 -8 -113 4 18
151 189 -37 0 -166 -11 -24 198 -64 182 91 125 -101 170 5 -172 4 16
105 19 -12 -5 -172 -13 -6 99 -102 178 39 40 -103 153 -12 -120 -4 17
120 25 -183 0 -172 -12 -13 153 -80 59 38 124 -103 161 -20 -165 -2 27
149 16 -23 -2 -169 -20 -17 151 -67 182 161 118 -109 173 -4 -163 -4 22
118 28 -191 -4 -171 -18 -3 96 -115 183 40 39 -99 156 -8 -119 -2 17
100 16 -8 -10 -167 -13 -13 95 -148 177 33 37 -104 151 -177 -127 -3 15
116 158 -2 -4 -175 -18 -6 102 -106 185 172 164 -137 167 -7 -182 27 17
121 27 -176 -1 -167 -12 -30 152 -60 188 163 121 -107 167 -2 -162 -5 24
115 20 -184 -5 -179 -120 -7 120 -142 187 142 127 -98 163 -62 -116 -12 18
117 23 -187 -3 -168 -183 -6 105 -147 178 38 36 -106 156 -12 -117 -4 18
118 29 -5 -5 -172 -2 -17 153 -82 56 35 124 -98 160 -21 -118 -3 15
148 183 -42 -7 -172 -9 -3 118 -138 187 48 124 -97 164 -64 -121 -15 18
117 22 -179 1 -166 -16 -21 154 -55 180 43 130 -103 157 -15 -123 -9 19
25 33 -74 -4 -157 -172 -8 125 -144 185 146 127 -96 154 -55 -111 -8 17
145 182 -41 -3 -167 -27 -25 197 -65 179 90 124 -96 171 2 -174 -1 17
141 25 -23 -8 -67 -19 -14 150 -142 185 194 131 -100 145 -62 -113 -7 17
116 23 -180 -1 -171 -166 -109 153 -58 188 164 121 -98 168 -3 -160 -1 19
116 27 -12 -1 -163 0 -22 162 -149 72 142 81 -100 192 -9 -111 11 22
105 28 -11 -3 -171 -4 -21 155 -59 178 43 130 -107 73 -16 -127 -13 16
121 27 -7 -2 -163 -4 -21 196 -70 176 102 129 -96 166 7 -176 -3 18
146 199 -38 -9 -156 -181 -50 157 -145 106 36 115 -94 153 -20 -115 0 17
145 190 -42 -4 -168 -5 -22 152 -69 181 161 42 -107 172 -1 -167 -9 16
141 21 -19 -5 -71 -20 -14 152 -94 54 39 129 -102 158 -21 -113 -7 15
149 184 -40 -6 -167 -5 -105 153 -60 186 166 135 -95 168 -1 -159 -1 35
105 23 -15 -9 -167 -14 -156 161 -142 172 149 139 -108 142 -21 -117 -68 19
98 29 -194 0 -164 -9 -108 151 -61 187 169 131 -94 166 -6 -154 -2 18
118 25 -179 0 -171 -17 -25 149 -48 176 158 46 -107 174 -3 -172 -4 26
140 188 -35 -6 -168 -13 -48 157 -152 184 135 64 -95 155 -67 -110 -23 24
148 187 -36 -4 -172 -4 -31 153 -56 191 163 126 -106 164 -190 -159 -4 17
120 30 -177 1 -171 -12 -107 86 -56 189 166 130 -96 167 4 -160 -6 45
130 28 -190 0 -166 -12 -11 153 -67 183 170 118 -102 171 2 -163 -2 17
115 28 -179 -1 -171 -114 -108 155 -65 191 166 128 -97 168 -7 -150 -4 24
148 187 -48 -3 -55 -9 -8 125 -148 182 146 124 -100 159 -55 -113 -4 27
172 23 -174 -1 -166 -19 -46 162 -151 181 138 69 -92 154 -69 -108 -22 20
120 21 -72 -1 -167 -19 -34 152 -60 186 163 125 -108 169 -192 -160 -1 29
118 162 -5 -6 -173 -17 -15 98 -87 173 31 38 -106 155 -174 -123 -5 15
120 24 -181 -2 -176 -18 -178 151 -61 190 167 120 -105 164 -2 -158 -10 18
113 25 -189 -6 -152 -180 -50 153 -151 189 137 66 -95 150 -69 -115 -25 19
119 30 -91 -6 -163 -11 -111 156 -66 190 161 130 -101 163 -12 -147 -6 16
112 23 -184 -1 -166 -115 -29 156 -61 189 167 121 -106 172 -2 -20 -6 18
109 24 -192 -2 -148 -176 -17 162 -140 177 153 123 -48 156 -19 -119 0 26
117 18 -26 -6 -183 -125 -16 149 -147 185 189 128 -98 148 -65 -111 -11 16
