110 24 -12 -2 -173 -8 -18 155 -67 180 167 117 -101 167 -3 -169 1 21
143 185 -43 -3 -168 -8 -22 151 -104 88 173 49 -96 174 0 -176 18 23
27 33 -75 -7 -153 -178 -13 157 -143 173 150 127 -100 156 -18 -122 -4 21
120 25 -183 0 -172 -12 -13 153 -80 59 38 124 -103 161 -20 -165 -2 27
149 16 -23 -2 -169 -20 -17 151 -67 182 161 118 -109 173 -4 -163 -4 22
121 27 -176 -1 -167 -12 -30 152 -60 188 163 121 -107 167 -2 -162 -5 24
116 27 -12 -1 -163 0 -22 162 -149 72 142 81 -100 192 -9 -111 11 22
149 184 -40 -6 -167 -5 -105 153 -60 186 166 135 -95 168 -1 -159 -1 35
118 25 -179 0 -171 -17 -25 149 -48 176 158 46 -107 174 -3 -172 -4 26
140 188 -35 -6 -168 -13 -48 157 -152 184 135 64 -95 155 -67 -110 -23 24
120 30 -177 1 -171 -12 -107 86 -56 189 166 130 -96 167 4 -160 -6 45
115 28 -179 -1 -171 -114 -108 155 -65 191 166 128 -97 168 -7 -150 -4 24
148 187 -48 -3 -55 -9 -8 125 -148 182 146 124 -100 159 -55 -113 -4 27
172 23 -174 -1 -166 -19 -46 162 -151 181 138 69 -92 154 -69 -108 -22 20
120 21 -72 -1 -167 -19 -34 152 -60 186 163 125 -108 169 -192 -160 -1 29
109 24 -192 -2 -148 -176 -17 162 -140 177 153 123 -48 156 -19 -119 0 26
150 187 -48 -1 -165 -3 -21 150 -63 178 45 133 -104 78 -18 -124 -8 23
121 28 -179 -2 -168 -16 -113 150 -62 195 165 126 -50 169 -8 -146 -1 25
115 27 -183 -3 -172 -114 -28 147 -56 179 163 119 -140 158 -1 -168 -89 24
131 25 -186 -4 -163 -10 -31 152 -62 72 160 126 -103 164 -187 -159 -5 28
117 17 -67 -2 -168 -21 -13 154 -65 187 173 118 -107 168 3 -159 -5 27
173 20 -171 -4 -162 -14 -54 152 -150 103 139 63 -90 154 -72 -111 -20 29
148 21 -18 -3 -167 -24 -12 150 -67 185 166 114 -98 166 3 -160 -102 21
96 26 -195 -1 -164 -8 -116 147 -60 182 159 123 -141 155 -6 -165 -89 35
146 188 -46 -3 -52 -9 -184 151 -63 184 166 112 -96 171 -1 -164 -107 27
116 23 -178 -4 -174 -112 -52 160 -151 171 129 55 -91 162 -74 -104 -22 26
120 35 -182 1 -170 -16 -21 154 -70 183 45 130 -107 82 -20 -123 -5 21
112 17 -177 -4 -164 -15 -35 155 -62 127 159 127 -103 170 -192 -158 -5 33
167 28 -172 1 -170 -21 -178 153 -57 186 167 118 -105 159 -3 -160 -128 22
124 25 -184 -7 -179 -17 -45 22 -155 183 133 68 -95 157 -73 -109 -22 35
3 26 -186 -3 -166 -8 -110 146 -57 184 168 129 -98 168 -10 -152 -3 28
99 28 -190 -4 -159 -4 -176 156 -60 189 163 118 -110 167 0 -16 -7 20
111 31 -191 -6 -146 -139 -49 164 -155 179 136 70 -97 153 -74 -107 -21 19
150 190 -33 -7 -164 -18 -11 147 -63 183 165 159 -94 165 3 -160 -101 19
91 29 -192 -1 -166 -10 -103 91 -54 191 163 129 -99 167 1 -188 -3 22
117 23 -180 -2 -167 -114 -52 166 -160 176 137 66 -94 153 -71 -106 -18 23
107 22 -196 0 -144 -172 -42 165 -147 181 134 66 -94 153 -65 -172 -26 21
176 74 -166 -2 -162 -15 -43 164 -152 184 137 71 -97 157 -63 -175 -26 19
193 25 -177 0 -162 -20 -31 155 -62 185 158 122 -102 170 1 -163 -8 32
181 72 -166 0 -157 -20 -34 157 -56 189 158 118 -34 163 -4 -163 -7 24
116 22 -176 -4 -165 -20 -184 151 -64 189 165 114 -101 168 -187 -164 -111 19
145 181 -164 -3 -170 -1 -47 25 -160 188 138 73 -99 159 -75 -105 -21 20
95 30 -190 -2 -170 -12 -11 129 -144 184 145 119 -105 160 -58 -51 -2 20
111 18 -176 -6 -166 -99 -18 156 -145 170 145 129 -99 156 -22 -124 -7 22
114 27 -197 0 -153 -181 -43 169 -143 30 138 67 -92 149 -69 -172 -21 20
117 25 -171 -1 -165 -12 -19 153 -65 177 161 116 -111 122 -8 -166 -2 21
103 26 -190 -3 -156 -4 -38 164 -148 27 147 62 -87 152 -67 -176 -16 22
110 25 -201 -3 4 -177 -176 154 -64 192 161 114 -107 169 1 -20 -11 22
113 23 -203 -1 1 -180 -25 152 -123 179 165 123 -143 159 -1 -166 -92 19
147 181 -168 -3 -168 -2 -43 27 -158 183 128 175 -91 160 -68 -108 -24 20
