149 184 -40 -6 -167 -5 -105 153 -60 186 166 135 -95 168 -1 -159 -1 35
120 30 -177 1 -171 -12 -107 86 -56 189 166 130 -96 167 4 -160 -6 45
120 21 -72 -1 -167 -19 -34 152 -60 186 163 125 -108 169 -192 -160 -1 29
173 20 -171 -4 -162 -14 -54 152 -150 103 139 63 -90 154 -72 -111 -20 29
96 26 -195 -1 -164 -8 -116 147 -60 182 159 123 -141 155 -6 -165 -89 35
112 17 -177 -4 -164 -15 -35 155 -62 127 159 127 -103 170 -192 -158 -5 33
124 25 -184 -7 -179 -17 -45 22 -155 183 133 68 -95 157 -73 -109 -22 35
193 25 -177 0 -162 -20 -31 155 -62 185 158 122 -102 170 1 -163 -8 32
133 39 -183 1 -167 -6 -17 153 -63 177 165 115 -105 175 -8 -159 -3 39
102 21 -195 1 -157 -3 -23 145 -68 174 49 100 -109 79 -21 -120 -3 29
134 30 -185 -1 -43 -5 -104 84 -54 186 161 133 -93 172 4 -157 -4 36
178 75 -164 0 -158 -21 -31 148 -61 67 154 126 -105 166 -183 -185 -6 32
164 24 -183 -2 -159 -109 -49 25 -129 187 136 63 -94 159 -72 -110 -17 30
191 27 -175 -4 -166 -16 -53 173 -164 173 64 59 -93 154 -66 -102 -20 30
122 24 -182 0 -174 -15 -26 155 -61 185 159 195 -109 163 1 -167 -5 42
125 28 -175 2 -172 -15 -28 150 -51 180 161 49 -112 178 -4 -175 -45 32
4 21 -187 -1 -171 -3 -39 156 -59 190 166 123 -103 108 -194 -163 -5 35
132 30 -182 0 -161 -5 -36 150 -69 188 162 24 -104 67 1 -162 -4 32
182 38 -178 0 -167 -6 -30 150 -59 183 166 126 -105 173 -197 -165 -1 29
117 20 -185 -2 -170 -123 -46 196 -129 188 139 64 -89 156 -71 -110 -21 28
78 22 -193 0 -165 -15 -28 152 -57 180 160 6 -107 172 -4 -166 -4 56
149 183 -49 -1 -50 -9 -73 160 -58 126 162 125 -99 168 -195 -158 -8 33
2 22 -188 2 -172 1 -98 52 -56 188 167 134 -9 179 0 -156 -4 30
90 30 -189 -4 -166 -99 -37 60 -64 187 170 118 -100 113 -191 -161 -9 31
103 19 -195 2 -154 -3 -23 157 -65 189 159 199 -112 129 1 -163 -7 34
125 27 -187 0 -171 -11 -14 155 -64 136 174 118 -112 177 -11 -154 -168 29
123 29 -181 -1 -171 -11 -29 100 -62 181 156 121 -107 173 -2 -158 -13 32
18 17 -175 1 -164 -11 -110 143 -53 181 167 132 -100 173 -13 -151 -2 31
116 31 -181 2 -167 -13 -30 76 -59 177 155 120 -106 178 1 -157 -16 41
130 33 -178 -5 -163 0 -33 52 -62 124 159 132 -98 174 -189 -157 -6 29
112 16 -172 0 -168 -17 -35 151 -62 181 161 129 -113 172 -193 -156 -99 34
115 14 -168 -1 -173 -20 -105 153 -58 184 163 133 -23 171 3 -164 -6 30
127 19 -186 0 -173 -20 -23 154 -60 123 159 10 -110 176 -7 -171 0 39
83 19 -198 -5 -164 -17 -29 159 -143 187 156 194 -112 159 6 -163 -4 33
120 27 -183 -1 -176 -16 -109 146 -52 184 171 129 -102 166 -191 -147 -2 33
87 31 -185 1 -170 -102 -33 151 -71 192 161 23 -106 67 -4 -165 -83 29
128 50 -183 2 -175 -10 -98 202 -51 184 168 126 -88 175 8 -158 -1 28
133 49 -180 -1 -179 -6 -22 150 -68 175 135 116 -108 176 -13 -161 0 29
127 21 -182 -8 -163 -5 -164 146 -51 179 161 116 -139 145 -4 -168 -175 29
97 36 -184 -2 -168 -5 -103 148 -59 185 163 135 -94 165 1 -157 -1 28
-1 24 -184 0 -173 6 -30 153 -61 181 156 10 -189 177 -6 -167 -5 31
1 28 -187 2 -175 11 -96 149 -57 184 171 123 -100 168 -197 -166 0 33
17 14 -175 0 -166 -8 -98 203 -47 181 169 130 -87 66 5 -156 -2 30
132 129 -185 1 -166 -15 -33 140 -59 75 148 193 -108 164 -187 -190 -9 37
98 24 -197 1 -153 -6 -22 143 -65 189 161 193 -109 165 5 -165 0 35
8 19 -184 -1 -172 0 -114 139 -56 179 168 132 -102 173 -22 -154 0 32
190 27 -176 0 -161 -15 -193 50 -61 119 160 130 -93 170 -191 -160 -4 28
189 32 -186 2 -166 -11 -24 155 -63 124 157 8 -111 171 -2 -169 -4 34
194 37 -184 0 -80 -12 -19 154 -64 133 179 122 -113 173 -7 -157 -164 40
178 19 -171 -2 -163 -15 -11 159 -65 134 171 114 -117 182 -11 -15 -170 29
