193 135 -84 -50 -152 -19 -21 135 -59 185 169 120 -101 168 1 -176 19 -28
164 140 -93 -49 -40 -132 -162 83 -59 9 169 195 -101 168 1 -176 51 -22
36 125 -132 -66 -149 -188 -21 135 -59 185 169 120 -101 168 1 -176 19 -27
146 24 -7 -2 -67 -10 -162 20 -59 185 169 120 -101 140 1 -176 51 -24
146 24 -7 -2 -168 -10 -21 159 -101 185 169 120 -101 168 1 -176 19 -22
146 82 -7 -2 -168 -10 -162 20 -59 185 169 120 -101 168 1 -176 21 12
146 83 -66 -2 -80 -42 -21 159 -59 185 169 120 -101 168 1 -176 19 -32
146 24 -7 -2 -118 -10 -135 159 -59 185 169 120 -101 168 1 -176 19 -22
105 24 -7 -2 -168 -10 -129 82 -59 185 169 120 -101 168 9 -135 51 -22
146 191 -7 -2 -168 -10 -21 20 -59 185 92 120 -187 168 1 -176 51 -21
146 191 -7 -2 -168 -10 -162 20 -124 185 169 120 -101 168 1 -176 51 -19
146 82 -7 -2 -168 -2 -21 135 -59 185 169 120 -101 168 1 -176 19 -45
146 82 -7 -2 -168 -10 -21 135 -59 185 169 120 -101 11 1 -170 19 -12
146 65 -7 -2 -67 -10 -162 20 -59 185 169 120 -101 168 1 -176 21 -19
146 82 -7 -2 -168 -10 -21 159 -59 185 169 120 -101 168 12 -176 19 -11
146 191 -7 -2 -168 -10 -135 120 -59 185 169 120 -101 168 1 -176 19 -43
146 24 -7 -2 -168 -10 -21 135 -59 20 169 120 -101 11 1 -176 19 -44
146 24 -7 -2 -67 -10 -21 20 -59 185 169 120 -101 57 1 -176 32 -25
146 24 -7 -2 -118 -10 -21 101 -101 185 169 166 -101 168 1 -176 19 -22
25 32 -67 -9 -153 -172 -195 20 -59 185 169 120 -101 168 1 -176 15 -20
25 32 -6 -9 -153 -172 -195 20 -59 185 169 120 -101 168 1 -176 51 -26
105 24 -7 -2 -168 -10 -21 159 -101 86 169 166 -101 168 1 -176 19 8
114 24 -7 -2 -168 -10 -21 135 -59 185 169 120 -101 11 1 -170 19 -19
20 24 -7 -2 -118 -10 -21 159 -101 86 169 166 -101 168 1 -176 19 6
149 28 -4 -2 -204 -12 -21 17 -64 182 170 120 -106 53 -3 -173 27 -15
148 85 -63 3 -13 -40 -17 160 -59 183 173 123 -97 170 -3 -180 20 -28
141 29 -3 1 -173 -179 -22 19 -58 187 174 115 -100 58 5 -181 33 -27
141 26 -8 -1 -172 -7 -17 161 -103 89 171 169 -106 50 -1 -180 15 -19
150 26 -11 -3 -168 -12 -21 136 -56 187 164 116 -102 172 6 -178 22 -11
160 136 -89 -46 -43 -128 -19 154 -3 190 164 117 -101 171 -4 -173 23 -20
147 28 -5 -6 -123 -9 -19 162 -58 183 169 119 -82 166 6 -177 16 -18
31 85 -5 1 -171 -5 -21 143 -63 184 177 125 -104 164 3 -188 19 -28
142 30 -4 0 -196 -179 -23 159 -58 179 168 124 -83 168 7 -175 11 -27
148 21 -4 -3 -166 -15 -21 164 -56 183 184 125 -98 173 -4 -185 24 -37
143 77 -11 3 -164 -15 -157 16 -63 187 166 125 -104 170 1 -176 17 -28
148 89 -62 7 -14 -36 -163 24 -63 183 164 124 -74 165 4 -180 18 -28
110 24 -12 -2 -173 -8 -18 155 -67 180 167 117 -101 167 -3 -169 1 21
154 93 -64 -1 -159 -17 -55 139 -57 190 167 120 -102 9 3 -172 19 -41
162 140 -145 -42 -41 -125 -17 158 -69 175 167 120 -102 162 -7 -165 4 -25
152 89 -67 -2 -158 -8 -91 140 -59 190 162 121 -106 6 5 -168 15 -2
143 43 -10 -5 -167 -8 -23 155 -104 85 169 162 -101 173 -3 -171 18 -18
28 33 -5 -7 -92 -170 -22 163 -102 184 167 122 -102 102 4 -176 17 6
108 29 -12 -1 -167 -15 -18 99 -99 189 164 168 -101 165 2 -181 14 7
141 21 -4 -1 -122 -29 -23 162 -100 85 167 167 -96 170 -2 -181 14 -25
150 28 -7 3 -202 -16 -14 154 -64 180 37 122 -106 157 -11 -168 -1 0
141 28 -10 2 -65 -7 -141 154 -102 90 166 161 -105 170 -1 -179 22 -28
151 24 -16 -3 -169 -17 -202 150 -103 87 173 161 -101 174 -6 -175 16 8
30 30 -68 -4 -149 -174 -131 157 -56 183 168 120 -100 166 0 -174 20 -24
146 121 -3 -5 -117 -8 -196 23 -54 184 165 119 -105 173 2 -181 19 -16
156 24 -17 -8 -171 -66 -158 21 -61 181 167 120 -74 165 8 -181 22 -23
