149 184 -40 -6 -167 -5 -105 153 -60 186 166 135 -95 168 -1 -159 -1 35
120 30 -177 1 -171 -12 -107 86 -56 189 166 130 -96 167 4 -160 -6 45
96 26 -195 -1 -164 -8 -116 147 -60 182 159 123 -141 155 -6 -165 -89 35
124 25 -184 -7 -179 -17 -45 22 -155 183 133 68 -95 157 -73 -109 -22 35
133 39 -183 1 -167 -6 -17 153 -63 177 165 115 -105 175 -8 -159 -3 39
134 30 -185 -1 -43 -5 -104 84 -54 186 161 133 -93 172 4 -157 -4 36
122 24 -182 0 -174 -15 -26 155 -61 185 159 195 -109 163 1 -167 -5 42
4 21 -187 -1 -171 -3 -39 156 -59 190 166 123 -103 108 -194 -163 -5 35
78 22 -193 0 -165 -15 -28 152 -57 180 160 6 -107 172 -4 -166 -4 56
103 19 -195 2 -154 -3 -23 157 -65 189 159 199 -112 129 1 -163 -7 34
116 31 -181 2 -167 -13 -30 76 -59 177 155 120 -106 178 1 -157 -16 41
112 16 -172 0 -168 -17 -35 151 -62 181 161 129 -113 172 -193 -156 -99 34
127 19 -186 0 -173 -20 -23 154 -60 123 159 10 -110 176 -7 -171 0 39
132 129 -185 1 -166 -15 -33 140 -59 75 148 193 -108 164 -187 -190 -9 37
98 24 -197 1 -153 -6 -22 143 -65 189 161 193 -109 165 5 -165 0 35
189 32 -186 2 -166 -11 -24 155 -63 124 157 8 -111 171 -2 -169 -4 34
194 37 -184 0 -80 -12 -19 154 -64 133 179 122 -113 173 -7 -157 -164 40
192 36 -185 -1 -164 -13 -19 87 -58 118 164 15 -107 181 -10 -167 -1 37
174 31 -174 0 -166 -10 -9 155 -67 133 175 116 -114 181 -16 -18 -166 35
132 35 -182 0 -162 -10 -7 162 -60 137 167 69 -112 185 -7 -16 -167 36
22 19 -179 -2 -169 -13 -104 145 -48 187 170 127 -97 156 -196 -149 -1 43
138 35 -187 -1 -163 -10 -34 155 -63 123 116 131 -102 165 -196 -162 -2 40
129 36 -187 1 -157 -11 -21 30 -61 127 162 10 -111 173 -7 -168 -8 35
1 68 -190 2 -177 6 -28 158 -68 123 157 4 -92 172 2 -167 -8 40
129 21 -195 2 -168 -17 -20 158 -68 122 156 6 -108 174 -7 -167 -3 38
125 31 -176 -4 -160 -12 -105 87 -56 185 162 134 -96 166 9 -159 -155 35
5 71 -190 0 -174 7 -18 140 -62 187 158 193 -105 3 3 -169 -3 34
121 26 -180 0 -167 -11 -35 76 -64 179 151 117 -102 183 5 -156 -14 43
174 35 -174 0 -18 -13 -27 160 -65 125 161 0 -89 168 7 -172 -8 37
101 20 -199 1 -152 -9 -22 155 -66 131 150 11 -94 164 2 -163 -133 36
101 24 -194 0 -147 -14 -22 148 -63 189 165 195 -88 163 3 -170 -1 51
7 17 -186 1 -124 0 -118 147 -63 182 163 120 -142 150 -4 -169 -90 34
101 20 -195 1 -150 -2 -112 132 -54 65 171 141 -103 174 -24 -157 -1 41
118 35 -176 -1 -172 -10 -24 138 -61 37 158 190 -109 160 3 -169 0 34
6 64 -187 1 -176 1 -30 162 -68 134 162 -5 -89 166 6 -173 -6 45
122 29 -181 2 -172 -12 -18 148 -9 191 156 198 -107 165 0 -164 -3 36
131 125 -180 -2 -169 -18 -29 160 -73 121 161 8 -94 168 2 -170 -5 35
194 38 -179 2 -85 -11 -22 155 -61 15 161 -4 -88 173 2 -173 -3 38
96 22 -195 2 -147 2 -22 157 -66 128 156 5 -96 169 -1 -169 -25 39
194 33 -186 0 -169 -8 -30 158 -62 138 164 70 -112 181 -9 -16 -169 38
6 26 -184 -3 -173 79 -24 154 -56 11 165 -6 -90 174 -1 -174 0 42
92 22 -192 2 -152 7 -32 159 -139 190 134 194 -116 156 1 -160 0 47
137 38 -191 -1 -167 -10 -32 203 -55 200 141 199 -110 166 -187 -186 -7 36
138 43 -181 0 -164 -10 -9 164 -62 140 98 71 -109 190 -9 -18 -172 33
124 23 -184 0 -176 -23 -47 158 -62 192 162 194 -115 125 -2 -167 -4 34
7 73 -185 1 -173 8 -20 151 -68 167 148 8 -99 163 -2 -167 -131 40
115 127 -179 0 -172 -18 -20 150 -63 129 152 9 -109 173 -7 -171 0 42
140 39 -180 0 -170 -12 -21 157 -62 128 162 7 -106 176 -6 -168 -1 39
105 20 -196 0 -147 -88 -23 151 -65 133 174 127 -117 177 -12 -156 -164 41
124 15 -155 0 -172 -21 -19 152 -64 164 146 3 -100 158 -5 -169 -127 37
