25 32 -67 -9 -87 -172 -33 175 -26 77 186 125 -81 64 76 -69 136 -50
33 77 -28 -182 -29 -66 -7 129 -178 96 154 162 -152 31 80 -97 15 -55
25 32 -67 -9 -87 -172 -19 20 -59 185 169 6 -101 168 1 -135 51 -56
184 77 -177 -141 -53 -81 -19 20 -59 185 169 120 -101 168 1 -176 51 -73
121 177 -140 -66 -149 -188 -63 156 -76 27 77 188 -90 176 153 -169 24 -55
36 177 -132 -66 -149 -188 -129 20 -59 185 169 120 -101 168 9 -135 51 -56
193 2 -11 -82 -166 -12 -63 156 -76 27 161 188 -90 108 153 -169 24 -55
146 24 -7 -2 -168 -10 -19 20 -59 185 169 120 -101 168 1 -176 51 -74
1 32 -67 -9 -87 -172 -129 20 -59 185 169 120 -101 168 9 -135 51 -52
47 2 -11 -82 -166 -12 -19 20 -81 185 172 133 -101 168 33 -135 51 -55
193 2 -11 -162 -73 -175 -162 20 -59 185 169 195 -101 168 1 -176 51 -56
146 24 -7 -2 -168 -10 -21 20 -59 185 92 120 -101 168 1 -176 51 -50
146 24 -7 -2 -168 -10 -21 20 -59 185 169 120 -101 57 1 -176 51 -51
164 140 -93 -49 -40 -132 -19 20 -59 185 169 120 -101 168 9 -135 51 -56
193 135 -84 -50 -152 -19 -21 135 -59 185 169 120 -101 168 1 -176 19 -28
25 32 -129 -9 -153 -172 -107 20 -81 185 6 87 -101 168 33 -135 51 -55
25 32 -67 -9 -87 -172 -129 20 -59 185 169 120 -101 96 9 -135 51 -56
146 191 -7 -2 -168 -10 -129 20 -59 185 169 120 -129 168 9 -135 51 -51
99 26 -67 -9 -69 -172 -162 20 -59 185 169 120 -101 168 1 -176 51 -54
25 32 -129 -9 -153 -172 -129 82 -59 185 169 120 -101 168 9 -135 51 -55
25 32 -67 -9 -87 -172 -107 20 -92 185 6 133 -90 168 33 -135 51 -55
33 77 -28 -182 -29 -66 -107 20 -81 185 6 133 -90 59 33 -135 51 -56
146 24 -7 -2 -168 -10 -21 159 -59 185 169 120 -101 168 1 -176 19 -51
25 32 -67 -9 -153 -172 -107 20 -81 185 6 87 -101 168 193 -135 51 -56
49 32 -67 -9 -87 -172 -162 20 -59 185 169 120 -101 168 1 -176 51 -51
146 83 -66 -2 -168 -10 -129 82 -59 29 169 120 -101 168 9 -135 51 -51
164 140 -93 -49 -40 -132 -162 83 -59 9 169 195 -101 168 1 -176 51 -22
146 24 -7 -2 -118 -10 -195 20 -59 185 169 120 -101 168 1 -176 51 -50
36 125 -132 -66 -149 -188 -21 135 -59 185 169 120 -101 168 1 -176 19 -27
146 82 -7 -2 -168 -10 -162 20 -59 185 196 120 -101 168 1 -176 51 -52
84 32 -67 -9 -87 -172 -21 159 -59 185 169 120 -101 168 1 -176 19 -56
146 82 -7 -2 -168 -10 -109 20 -59 185 194 133 -101 168 1 -135 51 -50
1 32 -67 -9 -87 -32 -125 20 -59 185 169 120 -101 168 9 -135 51 -55
25 32 -67 -9 -87 -172 -153 20 -59 185 169 120 -101 168 1 -176 51 -54
146 24 -7 -2 -67 -10 -162 20 -59 185 169 120 -101 140 1 -176 51 -24
146 24 -7 -2 -168 -10 -21 159 -101 185 169 120 -101 168 1 -176 19 -22
146 82 -7 -2 -168 -10 -19 20 -59 37 169 6 -48 168 1 -135 51 -53
146 82 -7 -2 -168 -10 -162 20 -59 185 169 120 -101 168 1 -176 21 12
146 83 -66 -2 -80 -42 -21 159 -59 185 169 120 -101 168 1 -176 19 -32
48 32 -67 -9 -87 -172 -195 20 -59 185 169 120 -101 168 1 -176 51 -52
49 32 -67 -9 -87 -172 -162 20 -135 185 169 125 -101 168 1 -176 51 -53
146 24 -7 -2 -118 -10 -135 159 -59 185 169 120 -101 168 1 -176 19 -22
146 24 -7 -2 -168 -10 -162 20 -151 185 169 120 -101 140 1 -176 51 -51
146 24 -7 -2 -67 -10 -21 159 -101 185 169 120 -101 102 1 -176 19 -48
105 24 -7 -2 -168 -10 -129 82 -59 185 169 120 -101 168 9 -135 51 -22
146 24 -7 -2 -67 -10 -21 135 -59 185 169 120 -101 11 1 -176 19 -45
25 32 -67 -9 -153 -172 -162 20 -73 185 169 195 -101 168 1 -176 51 -54
25 32 -67 -9 -153 -172 -21 159 -101 185 169 166 -101 168 1 -176 19 -55
146 191 -7 -2 -168 -10 -21 20 -59 185 92 120 -187 168 1 -176 51 -21
146 191 -7 -2 -168 -10 -162 20 -124 185 169 120 -101 168 1 -176 51 -19
