120 25 -183 0 -172 -12 -13 153 -80 59 38 124 -103 161 -20 -165 -2 27
149 184 -40 -6 -167 -5 -105 153 -60 186 166 135 -95 168 -1 -159 -1 35
118 25 -179 0 -171 -17 -25 149 -48 176 158 46 -107 174 -3 -172 -4 26
120 30 -177 1 -171 -12 -107 86 -56 189 166 130 -96 167 4 -160 -6 45
148 187 -48 -3 -55 -9 -8 125 -148 182 146 124 -100 159 -55 -113 -4 27
120 21 -72 -1 -167 -19 -34 152 -60 186 163 125 -108 169 -192 -160 -1 29
109 24 -192 -2 -148 -176 -17 162 -140 177 153 123 -48 156 -19 -119 0 26
131 25 -186 -4 -163 -10 -31 152 -62 72 160 126 -103 164 -187 -159 -5 28
117 17 -67 -2 -168 -21 -13 154 -65 187 173 118 -107 168 3 -159 -5 27
173 20 -171 -4 -162 -14 -54 152 -150 103 139 63 -90 154 -72 -111 -20 29
96 26 -195 -1 -164 -8 -116 147 -60 182 159 123 -141 155 -6 -165 -89 35
146 188 -46 -3 -52 -9 -184 151 -63 184 166 112 -96 171 -1 -164 -107 27
116 23 -178 -4 -174 -112 -52 160 -151 171 129 55 -91 162 -74 -104 -22 26
112 17 -177 -4 -164 -15 -35 155 -62 127 159 127 -103 170 -192 -158 -5 33
124 25 -184 -7 -179 -17 -45 22 -155 183 133 68 -95 157 -73 -109 -22 35
3 26 -186 -3 -166 -8 -110 146 -57 184 168 129 -98 168 -10 -152 -3 28
193 25 -177 0 -162 -20 -31 155 -62 185 158 122 -102 170 1 -163 -8 32
133 39 -183 1 -167 -6 -17 153 -63 177 165 115 -105 175 -8 -159 -3 39
113 30 -155 -1 -173 -109 -50 168 -160 173 135 63 -98 149 -67 -103 -16 26
102 21 -195 1 -157 -3 -23 145 -68 174 49 100 -109 79 -21 -120 -3 29
121 25 -72 -2 -165 -22 -35 151 -63 114 158 129 -102 175 -191 -158 -2 27
166 27 -171 -4 -175 -25 -39 156 -140 71 157 116 -109 160 -197 -157 -1 25
95 29 -190 -6 -163 -98 -19 159 -71 178 163 118 -103 162 1 -174 -1 25
134 30 -185 -1 -43 -5 -104 84 -54 186 161 133 -93 172 4 -157 -4 36
178 75 -164 0 -158 -21 -31 148 -61 67 154 126 -105 166 -183 -185 -6 32
119 22 -178 -1 -169 -14 -44 155 -149 183 140 64 -91 154 -64 -108 -193 26
164 24 -183 -2 -159 -109 -49 25 -129 187 136 63 -94 159 -72 -110 -17 30
120 21 -184 -5 -182 -16 -119 143 -58 184 156 73 -141 151 -6 -160 -93 27
137 40 -179 -3 -164 -10 -31 153 -64 183 167 21 -104 167 -4 -164 -1 28
191 27 -175 -4 -166 -16 -53 173 -164 173 64 59 -93 154 -66 -102 -20 30
134 45 -184 1 -166 -8 -38 150 -62 129 164 130 -99 169 -108 -163 -8 27
122 24 -182 0 -174 -15 -26 155 -61 185 159 195 -109 163 1 -167 -5 42
125 28 -175 2 -172 -15 -28 150 -51 180 161 49 -112 178 -4 -175 -45 32
146 191 -50 -5 -51 -7 -101 197 -55 188 166 128 -88 176 4 -157 -4 27
4 21 -187 -1 -171 -3 -39 156 -59 190 166 123 -103 108 -194 -163 -5 35
73 23 -190 -2 -167 -14 -58 158 -62 180 158 196 -107 158 3 -167 -5 25
114 22 -178 1 -175 -14 -18 147 -69 185 162 117 -137 171 -2 -153 -109 25
112 23 -186 1 -171 -119 -115 143 -56 179 158 121 -137 150 -5 -163 -179 27
132 26 -184 -3 -158 -15 -26 144 -63 64 149 124 -106 161 -178 -37 -2 27
151 179 -41 -6 -166 -8 -183 149 -58 187 170 107 -100 170 -2 -145 -111 25
121 14 -62 -3 -167 -22 -22 145 -66 175 50 103 -111 80 -103 -115 0 27
178 79 -166 -1 -157 -46 -118 151 -55 178 156 123 -145 156 -7 -169 -93 25
118 20 -177 -2 -179 -117 -102 49 -56 183 170 133 -84 177 3 -161 -9 26
132 30 -182 0 -161 -5 -36 150 -69 188 162 24 -104 67 1 -162 -4 32
182 38 -178 0 -167 -6 -30 150 -59 183 166 126 -105 173 -197 -165 -1 29
117 20 -185 -2 -170 -123 -46 196 -129 188 139 64 -89 156 -71 -110 -21 28
78 22 -193 0 -165 -15 -28 152 -57 180 160 6 -107 172 -4 -166 -4 56
189 22 -181 0 -160 -19 -56 159 -64 178 158 199 -120 154 0 -167 -7 25
149 183 -49 -1 -50 -9 -73 160 -58 126 162 125 -99 168 -195 -158 -8 33
2 22 -188 2 -172 1 -98 52 -56 188 167 134 -9 179 0 -156 -4 30
