146 82 -7 -2 -168 -10 -162 20 -59 185 169 120 -101 168 1 -176 21 12
146 191 -7 -2 -168 -10 -162 20 -124 185 169 120 -101 168 1 -176 51 -19
146 82 -7 -2 -168 -10 -21 135 -59 185 169 120 -101 11 1 -170 19 -12
146 65 -7 -2 -67 -10 -162 20 -59 185 169 120 -101 168 1 -176 21 -19
146 82 -7 -2 -168 -10 -21 159 -59 185 169 120 -101 168 12 -176 19 -11
25 32 -67 -9 -153 -172 -195 20 -59 185 169 120 -101 168 1 -176 15 -20
105 24 -7 -2 -168 -10 -21 159 -101 86 169 166 -101 168 1 -176 19 8
114 24 -7 -2 -168 -10 -21 135 -59 185 169 120 -101 11 1 -170 19 -19
20 24 -7 -2 -118 -10 -21 159 -101 86 169 166 -101 168 1 -176 19 6
149 28 -4 -2 -204 -12 -21 17 -64 182 170 120 -106 53 -3 -173 27 -15
141 26 -8 -1 -172 -7 -17 161 -103 89 171 169 -106 50 -1 -180 15 -19
150 26 -11 -3 -168 -12 -21 136 -56 187 164 116 -102 172 6 -178 22 -11
160 136 -89 -46 -43 -128 -19 154 -3 190 164 117 -101 171 -4 -173 23 -20
147 28 -5 -6 -123 -9 -19 162 -58 183 169 119 -82 166 6 -177 16 -18
110 24 -12 -2 -173 -8 -18 155 -67 180 167 117 -101 167 -3 -169 1 21
152 89 -67 -2 -158 -8 -91 140 -59 190 162 121 -106 6 5 -168 15 -2
143 43 -10 -5 -167 -8 -23 155 -104 85 169 162 -101 173 -3 -171 18 -18
28 33 -5 -7 -92 -170 -22 163 -102 184 167 122 -102 102 4 -176 17 6
108 29 -12 -1 -167 -15 -18 99 -99 189 164 168 -101 165 2 -181 14 7
150 28 -7 3 -202 -16 -14 154 -64 180 37 122 -106 157 -11 -168 -1 0
151 24 -16 -3 -169 -17 -202 150 -103 87 173 161 -101 174 -6 -175 16 8
146 121 -3 -5 -117 -8 -196 23 -54 184 165 119 -105 173 2 -181 19 -16
143 28 -5 -1 -70 -14 -59 143 -61 187 168 117 -97 37 3 -171 22 11
141 40 -9 -1 -171 -4 -24 139 -61 184 174 124 -96 12 -1 -100 14 7
150 192 -5 -5 -169 -8 -131 150 -53 188 166 123 -105 168 -1 -179 16 -19
23 36 -72 -4 -155 -173 -19 159 -59 178 38 121 -102 152 -13 -125 -5 11
144 26 -3 -2 -35 -7 -96 142 -62 195 157 126 -111 8 4 -168 11 7
148 84 -68 -5 -160 -3 -17 165 -91 87 172 169 -109 54 1 -184 19 -16
136 28 -12 -1 -69 -7 -20 101 -113 185 168 165 -106 165 7 -179 16 10
148 190 -38 -2 -163 -10 -17 102 -97 189 161 165 -102 164 1 -183 14 16
141 29 -12 -2 -66 -8 -24 159 -62 178 169 124 -79 51 8 -174 20 -8
143 174 -12 -6 -160 -120 -26 160 -99 89 168 165 -95 174 2 -179 10 7
144 19 -3 1 -121 -29 -13 34 -62 182 31 117 -112 159 -9 -172 0 0
149 86 -5 -5 -169 -12 -23 71 -100 186 173 120 -106 164 4 -181 18 -13
147 31 -7 -2 -40 -8 -127 150 -177 189 169 127 -110 163 -4 -178 12 8
155 20 -21 0 -170 -19 -14 160 -143 179 36 119 -99 154 -17 -122 -1 12
148 194 -7 -2 -167 -10 -161 21 -158 183 166 117 -74 163 13 -183 22 -20
154 19 -17 -2 -174 -21 -23 155 -102 133 168 161 -102 171 3 -181 14 -19
108 179 -7 2 -171 -8 -14 159 -141 177 37 122 -103 154 -17 -122 -4 0
144 23 -6 -3 -169 -6 -16 19 -152 186 165 124 -111 55 0 -178 23 -19
147 190 -6 -3 -165 -12 -26 163 -100 91 167 167 -71 179 4 -182 6 8
109 24 -5 -1 -104 -5 -203 147 -98 82 175 159 -102 171 -10 -175 16 8
140 45 -8 -2 -167 -3 -15 98 -100 194 163 165 -132 164 2 -179 14 8
143 185 -43 -3 -168 -8 -22 151 -104 88 173 49 -96 174 0 -176 18 23
146 47 -14 -4 -168 -8 -11 103 -101 189 167 168 -134 162 -2 -178 19 10
144 49 -11 -5 -164 -6 -25 146 -104 82 168 165 -102 173 -7 -175 18 -20
27 33 -75 -7 -153 -178 -13 157 -143 173 150 127 -100 156 -18 -122 -4 21
150 17 -22 -1 -170 -16 -10 152 -75 181 41 120 -108 159 -15 -168 -1 10
143 82 -71 -3 -155 0 -15 161 -142 173 150 127 -100 151 -13 -42 1 -11
150 117 -5 -5 -112 -8 -14 164 -90 91 77 166 -109 49 -1 -185 17 -21
